EDGES
1: 91 93
2: 1 3 4 16 85
3: 4 5 8 16 44
4: 45 87 89
5: 4 6 85 87
6: 18 85 87
7: 3 5 17 19 54
8: 31 42
9: 17 19 20 53 54
10: 30 31 40
11: 20 21 82 76
12: 26 27 30 31
13: 20 23 24 76 82
14: 26 27 29
15: 2 3 17 19 20 24 25 82
16: 26 28 29
17: 6 16 18 50
18: 8 10
19: 3 16 18 22
20: 12 16 21 22
21: 10 16 22 82
22: 10
23: 12 14
24: 16 23 25
25: 74
26: 27
27: 28
28: 29
29: 34 36 37
30: 32
31: 33
32: 33
33: 36
34: 28 35
35: 28 32 36
36: 37
37: 34 38
38: 39 48
39: 40 43
40: 33 41
41: 33 42
42: 40
43: 42
44: 43 46
45: 44 46
46: 47 48
47: 37 45 48
48: 44
49: 50 72
50: 59 71
51: 50 52 70 71
52: 54 69 77
53: 52 76
54: 51 53 55
55: 28 33 38 95
56: 49 73
57: 55 56
58: 57 95
59: 58
60: 59 65 73 95
61: 94
62: 94
63: 62 66
64: 63 66
65: 64
66: 65 68 98
67: 35 68
68: 37 43 66
69: 37 49 70 80
70: 52 71
71: 38 49 56
72: 48 58 73
74: 15 16
75: 74 79
76: 29 75 77
77: 53 80
78: 55 69 80
79: 39 59 80
80: 32 81
81: 32 47 71
82: 12 16
83: 33 50 54 55
84: 2 3 5 17 55 95
85: 42
86: 2 3 5 95
87: 43
88: 2 3 95
89: 44
90: 2 95
91: 45
92: 2 95 99
93: 45
94: 60 96
95: 1 59 94
96: 62 63 97
97: 98
98: 67 93
99: 100
100: 94
PAIRS
92 93
90 91
88 89
86 87
84 85
7 8
9 10
11 12
13 14
15 16