EDGES
1: 10 11 12 13 14 15 16 17 18 19
2: 20 21 22 23 24 25 26 27 28 29
3: 30 31 32 33 34 35 36 37 38 39
4: 40 41 42 43 44 45 46 47 48 49
5: 50 51 52 53 54 55 56 57 58 59
6: 60 61 62 63 64 65 66 67 68 69
7: 70 71 72 73 74 75 76 77 78 79
8: 80 81 82 83 84 85 86 87 88 89
9: 90 91 92 93 94 95 96 97 98 99
10: 100
11: 10 12 13 14 15 16 17 18 19
12: 20 22 23 24 25 26 27 28 29
13: 30 32 33 34 35 36 37 38 39
14: 40 42 43 44 45 46 47 48 49
15: 50 52 53 54 55 56 57 58 59
16: 60 62 63 64 65 66 67 68 69
17: 70 72 73 74 75 76 77 78 79
18: 80 82 83 84 85 86 87 88 89
19: 90 92 93 94 95 96 97 98 99
20: 
21: 10 12 13 14 15 16 17 18 19
22: 20 23 24 25 26 27 28 29
23: 30 32 33 34 35 36 37 38 39
24: 40 42 43 44 45 46 47 48 49
25: 50 52 53 54 55 56 57 58 59
26: 60 62 63 64 65 66 67 68 69
27: 70 72 73 74 75 76 77 78 79
28: 80 82 83 84 85 86 87 88 89
29: 90 92 93 94 95 96 97 98 99
30: 
31: 10 12 13 14 15 16 17 18 19
32: 20 22 23 24 25 26 27 28 29
33: 30 32 34 35 36 37 38 39
34: 40 42 43 44 45 46 47 48 49
35: 50 52 53 54 55 56 57 58 59
36: 60 62 63 64 65 66 67 68 69
37: 70 72 73 74 75 76 77 78 79
38: 80 82 83 84 85 86 87 88 89
39: 90 92 93 94 95 96 97 98 99
40: 
41: 10 12 13 14 15 16 17 18 19
42: 20 22 23 24 25 26 27 28 29
43: 30 32 33 34 35 36 37 38 39
44: 40 42 43 45 46 47 48 49
45: 50 52 53 54 55 56 57 58 59
46: 60 62 63 64 65 66 67 68 69
47: 70 72 73 74 75 76 77 78 79
48: 80 82 83 84 85 86 87 88 89
49: 90 92 93 94 95 96 97 98 99
50: 
51: 10 12 13 14 15 16 17 18 19
52: 20 22 23 24 25 26 27 28 29
53: 30 32 33 34 35 36 37 38 39
54: 40 42 43 44 45 46 47 48 49
55: 50 52 53 54 56 57 58 59
56: 60 62 63 64 65 66 67 68 69
57: 70 72 73 74 75 76 77 78 79
58: 80 82 83 84 85 86 87 88 89
59: 90 92 93 94 95 96 97 98 99
60: 
61: 10 12 13 14 15 16 17 18 19
62: 20 22 23 24 25 26 27 28 29
63: 30 32 33 34 35 36 37 38 39
64: 40 42 43 44 45 46 47 48 49
65: 50 52 53 54 55 56 57 58 59
66: 60 62 63 64 65 67 68 69
67: 70 72 73 74 75 76 77 78 79
68: 80 82 83 84 85 86 87 88 89
69: 90 92 93 94 95 96 97 98 99
70: 
71: 10 12 13 14 15 16 17 18 19
72: 20 22 23 24 25 26 27 28 29
73: 30 32 33 34 35 36 37 38 39
74: 40 42 43 44 45 46 47 48 49
75: 50 52 53 54 55 56 57 58 59
76: 60 62 63 64 65 66 67 68 69
77: 70 72 73 74 75 76 78 79
78: 80 82 83 84 85 86 87 88 89
79: 90 92 93 94 95 96 97 98 99
80: 
81: 10 12 13 14 15 16 17 18 19
82: 20 22 23 24 25 26 27 28 29
83: 30 32 33 34 35 36 37 38 39
84: 40 42 43 44 45 46 47 48 49
85: 50 52 53 54 55 56 57 58 59
86: 60 62 63 64 65 66 67 68 69
87: 70 72 73 74 75 76 77 78 79
88: 80 82 83 84 85 86 87 89
89: 90 92 93 94 95 96 97 98 99
90: 
91: 10 12 13 14 15 16 17 18 19
92: 20 22 23 24 25 26 27 28 29
93: 30 32 33 34 35 36 37 38 39
94: 40 42 43 44 45 46 47 48 49
95: 50 52 53 54 55 56 57 58 59
96: 60 62 63 64 65 66 67 68 69
97: 70 72 73 74 75 76 77 78 79
98: 80 82 83 84 85 86 87 88 89
99: 90 92 93 94 95 96 97 98
100: 
PAIRS
1 11
2 21
3 31
4 41
5 51
6 61
7 71
8 81
9 91
10 100