EDGES
1: 9 81 95
2: 24 36 72 82 99
3: 4 5 6 7 8 9
4: 2 6 10 11
5: 7 13 15 55 60 65 70
6: 11 13 15 17 20 22 24
7: 8 9 10 15 16
8: 7 15 18 21
9: 12 18 26
10: 12 15 18 21 24 27 30
11: 17 21 23 33 43 53 63 73 83 93
12: 15 10 19 20 22 89
13: 80 24 27 28
14: 8 25 29
15: 44 26 40
16: 18 36 54 72 90
17: 49 59 69 79 99
18: 7 20 51 68 98
19: 13 25 31 37 43 49 55 61
20: 12 56 57 66 67 88 89
21: 22 88 99 100
22: 23 46 69 92 98
23: 24 25 26 58 78
24: 14
25: 13 32 49 68 31
26: 35 40 32 58 69
27: 30 33 18 6
28: 29 30 5 2 96
29: 34 33 90 95
30: 33 70 74 82 65
31: 46 21 56 62 90
32: 37
33: 52 55 58 61 67 80 22 88 99 100
34: 22 11 67 66 44
35: 14 42 46 74 94
36: 40 45 50 55 60
37: 80 91 71 75 24 84
38: 35 31 67 82 92 89
39: 41 54 56 57 58 59 60
40: 53
41: 45 10 13 15 19
42: 74 39 40 45 51
43: 40 19 5 6 7
44: 100 1 2 6 10 56 57 88 47 49
45: 1 5 9 55 59 60 70 71 93 94 95
46: 12 13 18 38 51 53 63 87
47: 60 68 69
48: 15 30 45 58 64 67
49: 76 94 36
50: 30 45 36 28 19 96 82
51: 58 27 83 91 76 77
52: 73 17 39 29 57 67 85 49 
53: 75 38 18 29 73 30 94
54: 60 75 85 54 26 11 19
55: 22 30 49 5 1 93 81 67
56: 34
57: 12 48 38 40 95 83 72 3
58: 62 77
59: 87 45 
60: 29 38 47 
61: 39 18 37 59 20 97
62: 75 29 94 82
63: 95 17 20 96 54 65
64: 48 28 74 67
65: 96 28 49 37 95
66: 63 85 76 92 83 48
67: 50 48 28 94 93
68: 94 17 39 11 33 5
69: 76 57 39 22 42
70: 31 19 2 57
71: 81 91 62 44 12 37
72: 64 12
73: 82 29 38 74 11 31
74: 41 77 65 85
75: 83 73 92 19 25
76: 77 26 27 83 42
77: 84 45 58 54
78: 65 8 18 28 38 48 68 58 98
79: 85 77 6 36 72 93
80: 10 29 83 45 73 88
81: 86 70 75 78 82 83
82: 71 37 82 5 10 22
83: 87 84 72 11 34 57 58
84: 44 41 59 62 64 69
85: 78 94 82 74 25 63
86: 31 36 
87: 70 7 27 37 47 57 67 87 97
88: 80 31 48 58 74 93
89: 32 43 47 57 68 100
90: 35
91: 42 57 29
92: 12 37 54 61 72 88
93: 91 23 59 90 95 96
94: 47 30 60 78 89 93
95: 33 6
96: 39 47 69 83 92 93
97: 92 94 96 98
98: 93 87 99
99: 40 80 90 93
100: 9 13 15 23 30
PAIRS
1 6 // 1, 95, 6
2 7 // 2, 24, 14, 8, 7
3 8 // 3, 5, 7, 8
4 9 // 4, 10, 12, 15, 44, 100, 9
5 10 // 5, 13, 80, 10
6 11 // 6, 11
7 12 // 7, 16, 18, 20, 12
8 13 // 8, 21, 22, 23, 25, 13
9 14 // 9, 26, 35, 14
10 15 // 10, 15
