EDGES
1: 2 3 5 7 8 9 10
2: 3 4 9
3: 2 7 8 9
4: 1 3 6 9 10
5: 6 10
6: 8 9 10
7: 2 3 5 6 8
8: 1 2 3 4 10
9: 2 3 4 5 8
10: 3 4 6 8 9
11: 12 13 14 20
12: 17 18 20
13: 14 16 17 19
14: 11 15 16 17 19
15: 13 18 20
16: 12 14 19 20
17: 11 12 15 16 18 20
18: 11 15 16 20
19: 11 12 14 15 20
20: 13 14
21: 23 27 28
22: 21 24 28
23: 24 25 28
24: 22 26 29 30
25: 21 24 29
26: 24 27
27: 21 23 25 30
28: 24 25 26 29 30
29: 21 25 28 30
30: 26 27 28
31: 34 38 40
32: 34 35 36 37 38 39
33: 32 37 39
34: 35 36 38 40
35: 32 33 36 37 39
36: 35 39
37: 32 33 40
38: 31 32 33 34 35 36
39: 32 35 37 38 40
40: 31 38 39
41: 43 46 47 48 50
42: 41 45 48
43: 41 42 44 48
44: 42 46 47 48
45: 48 49
46: 44
47: 42 45 50
48: 41 42 44 46 49
49: 46 48
50: 47 48
51: 57 58 59
52: 54 55 56 60
53: 52 55 57
54: 52 53 56 57 59
55: 56 57 58
56: 51 52 55
57: 52 56 58 59
58: 51 53 54
59: 51 55 57
60: 53
61: 62 65 66 67 69
62: 63 65 68 69
63: 61 64 65 66 67 68 69
64: 61 70
65: 61 62 68
66: 61 62 63 64 67
67: 61 62 63 64 65 69 70
68: 64 65 69
69: 63 65 66 67
70: 61 63 64 66 69
71: 73 74 75 77 78
72: 75 76 79 80
73: 71 72 75 78
74:
75: 71 72 73 79
76: 71 75 77 79
77: 71 72 74 76
78: 71 72 74 79 80
79: 73 75 77 80
80: 72 77 78
81: 83 85 86 88
82: 84 85 86 87
83: 82 85 86 88 89
84: 81 85 88 89
85: 86 90
86: 83 85 87
87: 82 84 88
88: 83 85 86 90
89:
90: 82 85 86 88
91: 96 97 98
92: 91 93 94 96
93: 94 100
94: 91 92 95 100
95: 92 93 97 100
96: 91 93 98
97: 93 95 96 98
98: 92 94 97 99 100
99: 92 93 94 95 96 97 98
100: 92 94 96 97 99
PAIRS
1 2
11 12
21 22
31 32
41 42
51 52
61 62
71 72
81 82
91 92