EDGES
1: 12 13 14 15 16 17 18 19 20
2: 11 13 14 15 16 17 18 19 20
3: 11 12 14 15 16 17 18 19 20
4: 11 12 13 15 16 17 18 19 20
5: 11 12 13 14 16 17 18 19 20
6: 11 12 13 14 15 17 18 19 20
7: 11 12 13 14 15 16 18 19 20
8: 11 12 13 14 15 16 17 19 20
9: 11 12 13 14 15 16 17 18 20
10: 11 12 13 14 15 16 17 18 19
11: 22 23 24 25 26 27 28 29 30
12: 21 23 24 25 26 27 28 29 30
13: 21 22 24 25 26 27 28 29 30
14: 21 22 23 25 26 27 28 29 30
15: 21 22 23 24 26 27 28 29 30
16: 21 22 23 24 25 27 28 29 30
17: 21 22 23 24 25 26 28 29 30
18: 21 22 23 24 25 26 27 29 30
19: 21 22 23 24 25 26 27 28 30
20: 21 22 23 24 25 26 27 28 29
21: 32 33 34 35 36 37 38 39 40
22: 31 33 34 35 36 37 38 39 40
23: 31 32 34 35 36 37 38 39 40
24: 31 32 33 35 36 37 38 39 40
25: 31 32 33 34 36 37 38 39 40
26: 31 32 33 34 35 37 38 39 40
27: 31 32 33 34 35 36 38 39 40
28: 31 32 33 34 35 36 37 39 40
29: 31 32 33 34 35 36 37 38 40
30: 31 32 33 34 35 36 37 38 39 
31: 42 43 44 45 46 47 48 49 50
32: 41 43 44 45 46 47 48 49 50
33: 41 42 44 45 46 47 48 49 50
34: 41 42 43 45 46 47 48 49 50
35: 41 42 43 44 46 47 48 49 50
36: 41 42 43 44 45 47 48 49 50
37: 41 42 43 44 45 46 48 49 50
38: 41 42 43 44 45 46 47 49 50
39: 41 42 43 44 45 46 47 48 50
40: 41 42 43 44 45 46 47 48 49 
41: 52 53 54 55 56 57 58 59 60 
42: 51 53 54 55 56 57 58 59 60 
43: 51 52 54 55 56 57 58 59 60 
44: 51 52 53 55 56 57 58 59 60 
45: 51 52 53 54 56 57 58 59 60 
46: 51 52 53 54 55 57 58 59 60 
47: 51 52 53 54 55 56 58 59 60 
48: 51 52 53 54 55 56 57 59 60 
49: 51 52 53 54 55 56 57 58 60 
50: 51 52 53 54 55 56 57 58 59 
51: 62 63 64 65 66 67 68 69 70
52: 61 63 64 65 66 67 68 69 70
53: 61 62 64 65 66 67 68 69 70
54: 61 62 63 65 66 67 68 69 70
55: 61 62 63 64 66 67 68 69 70
56: 61 62 63 64 65 67 68 69 70
57: 61 62 63 64 65 66 68 69 70
58: 61 62 63 64 65 66 67 69 70
59: 61 62 63 64 65 66 67 68 70
60: 61 62 63 64 65 66 67 68 69 
61: 72 73 74 75 76 77 78 79 80
62: 71 73 74 75 76 77 78 79 80
63: 71 72 74 75 76 77 78 79 80
64: 71 72 73 75 76 77 78 79 80
65: 71 72 73 74 76 77 78 79 80
66: 71 72 73 74 75 77 78 79 80
67: 71 72 73 74 75 76 78 79 80
68: 71 72 73 74 75 76 77 79 80
69: 71 72 73 74 75 76 77 78 80
70: 71 72 73 74 75 76 77 78 79
71: 82 83 84 85 86 87 88 89 90
72: 81 83 84 85 86 87 88 89 90
73: 81 82 84 85 86 87 88 89 90
74: 81 82 83 85 86 87 88 89 90
75: 81 82 83 84 86 87 88 89 90
76: 81 82 83 84 85 87 88 89 90
77: 81 82 83 84 85 86 88 89 90
78: 81 82 83 84 85 86 87 89 90
79: 81 82 83 84 85 86 87 88 90
80: 81 82 83 84 85 86 87 88 89 
81: 92 93 94 95 96 97 98 99 100
82: 91 93 94 95 96 97 98 99 100
83: 91 92 94 95 96 97 98 99 100
84: 91 92 93 95 96 97 98 99 100
85: 91 92 93 94 96 97 98 99 100
86: 91 92 93 94 95 97 98 99 100
87: 91 92 93 94 95 96 98 99 100
88: 91 92 93 94 95 96 97 99 100
89: 91 92 93 94 95 96 97 98 100
90: 91 92 93 94 95 96 97 98 99
PAIRS
1 91
2 92
3 93
4 94 
5 95 
6 96 
7 97
8 98
9 99
10 100
