EDGES
1: 16
2: 44 9 72 6
3: 42 38 7 33
4: 9 14 74 55 48 59
5: 43 54
6: 2 17 76 47
7: 3 98
8: 57
9: 2 10 47 4
10: 44 82 14 9 13 74
11: 89 87
12: 41 58
13: 10 93
14: 10 17 4 76
15: 34 83 41 81 57 58
16: 25 20 1
17: 51 82 56 72 6 32 14 53 39 84
18: 27 45 60 20
19: 81
20: 87 83 67 70 18 73 16 81 95 86
21: 49
22: 32 89
23: 40 24
24: 23 68 85
25: 87 16
26: 52 78
27: 89 55 35 75 88 70 87 83 67 18
28: 59 41
29: 86
30: 33 36
31: 78 35 67 40
32: 97 17 22 76
33: 79 3 30 98
34: 50 37 61 15
35: 94 76 31 27
36: 30 98 65
37: 48 55 59 83 34 41
38: 54 3
39: 17 62
40: 100 31 23 68
41: 37 28 12 15
42: 77 54 79 3
43: 46 63 5 71
44: 2 10
45: 88 18
46: 90 43
47: 9 6 48 75
48: 47 4 50 37
49: 98 21
50: 48 75 34 70
51: 97 17
52: 99 69 26 94
53: 69 17 94 76
54: 71 5 38 42
55: 4 76 37 27
56: 69 17
57: 61 15 8
58: 15 12 96
59: 4 92 28 37
60: 18 86
61: 34 70 57 73
62: 39 84
63: 43
64: 73
65: 36
66: 95
67: 31 27 68 20
68: 40 67 95 24
69: 91 56 53 52
70: 50 27 20 61
71: 90 43 77 54
72: 2 17
73: 61 20 64
74: 10 93 92 4
75: 47 76 27 50
76: 32 14 53 6 84 75 89 55 35 88
77: 71 42
78: 26 94 100 31
79: 42 33
80: 84 88
81: 15 20 19
82: 10 17
83: 37 27 15 20
84: 17 62 80 76
85: 24
86: 20 60 29
87: 11 27 25 20
88: 76 80 45 27
89: 22 76 11 27
90: 46 71
91: 99 69
92: 74 59
93: 13 74
94: 52 53 35 78
95: 68 20 66
96: 58
97: 51 32
98: 33 7 49 36
99: 91 52
100: 78 40
PAIRS
46 65
91 85
44 8
51 1
82 19
56 66
72 64
13 96
39 29
63 21
