EDGES
1: 2
2: 3
3: 4 44 64
4: 5 45
5: 6
6: 7 77
7: 8 28 38
8: 9 39 79
9: 10
10: 11 81
11: 12 22 32 62
12: 13
13: 14 24
14: 5 15 65
15: 6 16 46
16: 17 67
17: 18 28 58
18: 19 39 49
19: 10 20
20: 11 21 81
21: 12 22 62
22: 23 33 53
23: 24 54 74
24: 5 25 35
25: 26
26: 27
27: 28 58
28: 9 19 29 79
29: 20 30 50
30: 31 91
31: 32
32: 3 33
33: 34
34: 35 45
35: 6 26 36 66
36: 37
37: 38
38: 39
39: 40
40: 41 61
41: 42
42: 13 43
43: 44
44: 5 35 45
45: 6 46
46: 47
47: 48 58 88
48: 39 49
49: 20 30 50 70 80
50: 51
51: 32 42 52
52: 53 63
53: 54
54: 35 55
55: 56
56: 37 47 57 67
57: 28 58 78
58: 9 19 29 49 59 69
59: 10 40 60
60: 61 71
61: 62
62: 13 63
63: 64 74
64: 5 25 65
65: 66 86
66: 37 67 77
67: 28 48 58 68
68: 29 69 89
69: 40 70
70: 41 61 71
71: 22 52 72
72: 63 73
73: 74
74: 5 65 75
75: 76
76: 17 77
77: 28 58 78 88
78: 19 79 89
79: 20 30 80
80: 81
81: 22 42 52 82
82: 53 83
83: 44 84
84: 85
85: 16 86
86: 17 47 87
87: 58 68 88
88: 29 39 59 89
89: 40 50 90
90: 21 71 91
91: 92
92: 73 93
93: 14 64 94
94: 65 95
95: 96
96: 7 97
97: 98
98: 39 99
99: 50 80 100
100: 
PAIRS
1 10
11 20
21 30
31 40
41 50
51 60
61 70
71 80
81 90
91 100
