EDGES
1: 3 45 95
2: 57 94
4: 46 76
5: 79 85 96
6: 20 79
7: 63 65 94
8: 78 87 100
9: 38 43
10: 8 64 78
11: 23 45 47 67 77 81
12: 73
13: 6 10 11 55 62 82
14: 25 27 56 87
15: 16 33 35
17: 5 49 59
18: 88 91
19: 9 87
20: 30 48
21: 7 43 46 62 67
22: 69 97
23: 8 45
24: 17 80
25: 45 68 78 95
26: 32 52 79 91
28: 45
29: 23 35 86 91 100
30: 26 78
31: 84
32: 4 64
33: 19 89
34: 44 60 69 71
35: 1 37 77
36: 79 99
37: 23 92
38: 44 100
40: 42 54 65 67
41: 7 9 28 73 75
42: 22
43: 30 61 89
44: 11 39 43 70
45: 50 74
46: 4
47: 100
48: 18 21
49: 30 45 90 96
50: 6 8 11 13 34 41 45 47
52: 1 7
53: 87
54: 12 98
56: 73 86 91
57: 5 17 29 35
58: 77 79
59: 22 28 32 68
60: 10 69 93 98
61: 23 70
62: 17 52 63 76
64: 19 54 89
65: 33 74
66: 21 38
67: 30
68: 5 82 87 99
69: 10 16 23 91
70: 15 66 68 92
71: 8 13 29 77 81
72: 14 86
73: 7 31 52
74: 42 77 82
75: 44 88 95 98
76: 5 56
77: 3 20 54
78: 85 90
79: 40
80: 22 27 52 53 90
81: 13
82: 8 9 13 46 53 61
83: 2 6 33 86
84: 10 31 42
85: 68 73
86: 3 45 52 53 60
87: 22 24
88: 78 95 96
89: 20 67 80 92
90: 9 42 59 81
91: 37
92: 50 93
93: 36
94: 19 75 82
95: 20 27 68
96: 41 48 54 85
97: 2 3 57 90 100
98: 5 14 58 88 90
99: 46 58 80 98
100: 11
PAIRS
5 8
62 25
97 50
2 65
43 26
33 46
37 12
31 100
34 87
74 91
