EDGES
1: 2 3 5 8
2: 1 3 9 10
3: 7 9 10 
4: 3 5 8 10
5: 6 10
6: 8 9
7: 4 6 8 10
8: 2 5 9 10
9: 2 6 8 10
10: 3 4 6 8 9
11: 12 18 20
12: 13 15 16
13: 14 17 19 20
14: 11 16 19
15: 13 18 20
16: 12 14 19 20
17: 12 15 18
18: 12 14 17 19
19: 11 12 14 15 20
20: 13 14 18
21: 22 27 29
22: 21 24 28
23: 21 25 29
24: 21 23 28 30
25: 21 24 29
26: 27 30
27: 21 23 25 30
28: 21 22 26 29 30
29: 21 25 28 30
30: 26 27 28
31: 30 35 38
32: 31 34 36
33: 31 34 40
34: 36 38 39 40
35: 31 36 39 
36: 35 39 40
37: 31 34 40
38: 31 33 35 37 39
39: 31 35 38 40
40: 31 38 39
41: 42 50
42: 41 45 48
43: 42 44 46 48
44: 41 46 48 49
45: 48 49
46: 44
47: 42 45 50
48: 41 42 44 46 49
49: 46 48
50: 47 48
51: 57 58 59
52: 55 58 59
53: 52 55 60
54: 51 52 56 57 59
55: 52 56 58
56: 51 52 54
57: 52 53 58 59
58: 51 53 54
59: 51 55 57
60: 59
61: 62 64 68 67 69
62: 63 66 69
63: 62 64 67 68 69
64: 62 70
65: 63 64 68
66: 61 62 65 70
67: 64 65 69
68: 64 66
69: 63 65 67
70: 61 63 64 66 69
71: 72 73 75 78
72: 75 76 80
73: 71 72 78 79
74: 72 73 80
75: 71 74 76 79
76: 71 77 79
77: 71 78
78: 71 75 79
79: 73 75 77 80
80: 71 76 78
81: 82 85 88
82: 84 84 85 87
83: 82 85
84: 81 84 89
85: 86 90
86: 83 86 88
87: 82 86 88
88: 83 84 89 90
89: 81 87  
90: 86 88
91: 94 97 98
92: 91 93 95
93: 95 100
94: 91 93 94 100
95: 92 95 97 100
96: 92 97 98
97: 92 94 96
98: 92 93 96 99 100
99: 92 94 95 96 97
100: 92 94 96 99
PAIRS
7 9
14 15
21 26
35 36
41 48
55 56
66 69
71 80
83 84
94 96