EDGES
1: 2 81 82 83 84 85 86 87 88 89 90 
2: 3 81 82 83 84 85 86 87 88 89 90 
3: 4 81 82 83 84 85 86 87 88 89 90 
4: 5 81 82 83 84 85 86 87 88 89 90 
5: 6 81 82 83 84 85 86 87 88 89 90 
6: 7 81 82 83 84 85 86 87 88 89 90 
7: 8 81 82 83 84 85 86 87 88 89 90 
8: 9 81 82 83 84 85 86 87 88 89 90 
9: 10 81 82 83 84 85 86 87 88 89 90 
10: 11 81 82 83 84 85 86 87 88 89 90 
11: 12 
12: 13 
13: 14 
14: 15 
15: 16 
16: 17 
17: 18 
18: 19 
19: 20 
20: 21 
21: 22 
22: 23 
23: 24 
24: 25 
25: 26 
26: 27 
27: 28 
28: 29 
29: 30 
30: 31 
31: 32 
32: 33 
33: 34 
34: 35 
35: 36 
36: 37 
37: 38 
38: 39 
39: 40 
40: 41 
41: 42 
42: 43 
43: 44 
44: 45 
45: 46 
46: 47 
47: 48 
48: 49 
49: 50 
50: 51 
51: 52 
52: 53 
53: 54 
54: 55 
55: 56 
56: 57 
57: 58 
58: 59 
59: 60 
60: 61 
61: 62 
62: 63 
63: 64 
64: 65 
65: 66 
66: 67 
67: 68 
68: 69 
69: 70 
70: 71 
71: 72 
72: 73 
73: 74 
74: 75 
75: 76 
76: 77 
77: 78 
78: 79 
79: 80 
80: 1 
81: 91 82 
82: 92 83 81 
83: 93 84 82 
84: 94 85 83 
85: 95 86 84 
86: 96 87 85 
87: 97 88 86 
88: 98 89 87 
89: 99 90 88 
90: 100 89 
91: 81 92 50 
92: 82 93 91 49 
93: 83 94 92 48 
94: 84 95 93 47 
95: 85 96 94 46 
96: 86 97 95 45 
97: 87 98 96 44 
98: 88 99 97 43 
99: 89 100 98 42 
100: 90 99 41 
PAIRS
1 50
2 49
3 48
4 47
5 46
6 45
7 44
8 43
9 42
10 41
