EDGES
85: 45 23
39: 7 82 23 45
7: 12 25 45 82 90
12: 62 94 82 25
62: 25 94 100
23: 85 39 3 83
45: 82 85 39 7 63 83 3
82: 25 39 7 12 44 3 63 9
25: 94 7 12 62 1 63 44
94: 12 62 44 1 88
83: 23 45 80 5
3: 63 23 45 82 46 5 80
63: 44 45 82 25 4 80 46 35
44: 1 82 25 94 78 46 4
1: 25 94 4 78 19
5: 83 3 11 28
80: 46 83 3 63 29 28 11
46: 4 3 63 44 6 11 29 56
4: 78 63 44 1 50 29 6
78: 44 1 6 50 98
28: 5 80 96 65
11: 29 5 80 46 49 65 96
29: 6 80 46 4 16 96 49 61
6: 50 46 4 78 42 49 16
50: 4 78 16 42 57
65: 28 11 20 2
96: 49 28 11 29 31 2 20
49: 16 11 29 6 33 20 31
16: 42 29 6 50 53 31 33
42: 6 50 33 53 32
2: 65 96 51 48
20: 31 65 96 49 93 48 51
31: 33 96 49 16 69 51 93
33: 53 49 16 42 13 93 69
53: 16 42 69 13 99
48: 2 20 60 75
51: 93 2 20 31 76 75 60
93: 69 20 31 33 52 60 76
69: 13 31 33 53 95 76 52
13: 33 53 52 95 36
75: 48 51 73 55
60: 76 48 51 93 47 55 73
76: 52 51 93 69 41 73 47
52: 95 93 69 13 37 47 41
95: 69 13 41 37 54
55: 75 60
73: 47 75 60 76
47: 41 60 76 52
41: 37 76 52 95
37: 52 95
18: 17 100
30: 34 71 100 17
34: 84 40 17 71
84: 86 24 71 40
86: 40 24
100: 62 18 30 8 88
17: 71 18 30 34 87 88 8
71: 40 30 34 84 15 8 87
40: 24 34 84 86 89 87 15
24: 84 86 15 89
88: 94 100 17 68 19
8: 87 100 17 71 66 19 68
87: 15 17 71 40 22 68 66
15: 89 71 40 24 70 66 22
89: 40 24 22 70
19: 1 88 8 14 98
68: 66 88 8 87 10 98 14
66: 22 8 87 15 91 14 10
22: 70 87 15 89 92 10 91
70: 15 89 91 92
98: 78 19 68 67 57
14: 10 19 68 66 90 57 67
10: 91 68 66 22 59 67 90
91: 92 66 22 70 38 90 59
92: 22 70 59 38
57: 50 98 14 26 32
67: 90 98 14 10 9 32 26
90: 59 14 10 91 58 26 9 7
59: 38 10 91 92 21 9 58
38: 91 92 58 21
32: 42 57 67 74 99
26: 9 57 67 90 35 99 74
9: 58 67 90 59 97 74 35 82
58: 21 90 59 38 79 35 97
21: 59 38 97 79
99: 53 32 26 27 36
74: 35 32 26 9 56 36 27
35: 97 26 9 58 64 27 56 63
97: 79 9 58 21 43 56 64
79: 58 21 64 43
36: 13 99 74 77 54
27: 56 99 74 35 61 54 77
56: 64 74 35 97 72 77 61 46
64: 43 35 97 79 81 61 72
43: 97 79 72 81
54: 95 36 27
77: 61 36 27 56
61: 72 27 56 64 29
72: 81 56 64 43
81: 64 43
PAIRS
62 37
84 72
39 73
7 47
85 55
34 61
30 77
12 41
18 54
86 81