EDGES
1: 21 76 77 78 79 80 81 82 83 84 85 86 87 88 89 90 91 92 93 94 95 96 97 98 99 100
2:
3: 22 76 77 78 79 80 81 82 83 84 85 86 87 88 89 90 91 92 93 94 95 96 97 98 99 100
4:
5: 23 76 77 78 79 80 81 82 83 84 85 86 87 88 89 90 91 92 93 94 95 96 97 98 99 100
6:
7: 24 76 77 78 79 80 81 82 83 84 85 86 87 88 89 90 91 92 93 94 95 96 97 98 99 100
8:
9: 25 76 77 78 79 80 81 82 83 84 85 86 87 88 89 90 91 92 93 94 95 96 97 98 99 100
10:
11: 21 26 76 77 78 79 80 81 82 83 84 85 86 87 88 89 90 91 92 93 94 95 96 97 98 99 100
12:
13: 22 36 76 77 78 79 80 81 82 83 84 85 86 87 88 89 90 91 92 93 94 95 96 97 98 99 100
14:
15: 23 46 76 77 78 79 80 81 82 83 84 85 86 87 88 89 90 91 92 93 94 95 96 97 98 99 100
16:
17: 24 56 76 77 78 79 80 81 82 83 84 85 86 87 88 89 90 91 92 93 94 95 96 97 98 99 100
18:
19: 25 66 76 77 78 79 80 81 82 83 84 85 86 87 88 89 90 91 92 93 94 95 96 97 98 99 100
20:
21: 2 12 20
22: 4 14 20
23: 6 16 20
24: 8 18 20
25: 10 20
26: 27 36 37 38 39 40 41 42 43 44 45
27: 28 36 37 38 39 40 41 42 43 44 45
28: 29 36 37 38 39 40 41 42 43 44 45
29: 30 36 37 38 39 40 41 42 43 44 45
30: 31 36 37 38 39 40 41 42 43 44 45
31: 32 36 37 38 39 40 41 42 43 44 45
32: 33 36 37 38 39 40 41 42 43 44 45
33: 34 36 37 38 39 40 41 42 43 44 45
34: 35 36 37 38 39 40 41 42 43 44 45
35: 12 36 37 38 39 40 41 42 43 44 45
36: 37 12
37: 38 12
38: 39 12
39: 40 12
40: 41 12
41: 42 12
42: 43 12
43: 44 12
44: 45 12
45: 14 12
46: 47 56 57 58 59 60 61 62 63 64 65
47: 48 56 57 58 59 60 61 62 63 64 65
48: 49 56 57 58 59 60 61 62 63 64 65
49: 50 56 57 58 59 60 61 62 63 64 65
50: 51 56 57 58 59 60 61 62 63 64 65
51: 52 56 57 58 59 60 61 62 63 64 65
52: 53 56 57 58 59 60 61 62 63 64 65
53: 54 56 57 58 59 60 61 62 63 64 65
54: 55 56 57 58 59 60 61 62 63 64 65
55: 16 56 57 58 59 60 61 62 63 64 65
56: 57 16
57: 58 16
58: 59 16
59: 60 16
60: 61 16
61: 62 16
62: 63 16
63: 64 16
64: 65 16
65: 18 16
66: 67 21 22 23 24 25
67: 68 21 22 23 24 25
68: 69 21 22 23 24 25
69: 70 21 22 23 24 25
70: 71 21 22 23 24 25
71: 72 21 22 23 24 25
72: 73 21 22 23 24 25
73: 74 21 22 23 24 25
74: 75 21 22 23 24 25
75: 20 21 22 23 24 25
76: 77 78 79 80 81 82 83 84 85 86 87 88 89 90 91 92 93 94 95 96 97 98 99 100
77: 76 78 79 80 81 82 83 84 85 86 87 88 89 90 91 92 93 94 95 96 97 98 99 100
78: 76 77 79 80 81 82 83 84 85 86 87 88 89 90 91 92 93 94 95 96 97 98 99 100
79: 76 77 78 80 81 82 83 84 85 86 87 88 89 90 91 92 93 94 95 96 97 98 99 100
80: 76 77 78 79 81 82 83 84 85 86 87 88 89 90 91 92 93 94 95 96 97 98 99 100
81: 76 77 78 79 80 82 83 84 85 86 87 88 89 90 91 92 93 94 95 96 97 98 99 100
82: 76 77 78 79 80 81 83 84 85 86 87 88 89 90 91 92 93 94 95 96 97 98 99 100
83: 76 77 78 79 80 81 82 84 85 86 87 88 89 90 91 92 93 94 95 96 97 98 99 100
84: 76 77 78 79 80 81 82 83 85 86 87 88 89 90 91 92 93 94 95 96 97 98 99 100
85: 76 77 78 79 80 81 82 83 84 86 87 88 89 90 91 92 93 94 95 96 97 98 99 100
86: 76 77 78 79 80 81 82 83 84 85 87 88 89 90 91 92 93 94 95 96 97 98 99 100
87: 76 77 78 79 80 81 82 83 84 85 86 88 89 90 91 92 93 94 95 96 97 98 99 100
88: 76 77 78 79 80 81 82 83 84 85 86 87 89 90 91 92 93 94 95 96 97 98 99 100
89: 76 77 78 79 80 81 82 83 84 85 86 87 88 90 91 92 93 94 95 96 97 98 99 100
90: 76 77 78 79 80 81 82 83 84 85 86 87 88 89 91 92 93 94 95 96 97 98 99 100
91: 76 77 78 79 80 81 82 83 84 85 86 87 88 89 90 92 93 94 95 96 97 98 99 100
92: 76 77 78 79 80 81 82 83 84 85 86 87 88 89 90 91 93 94 95 96 97 98 99 100
93: 76 77 78 79 80 81 82 83 84 85 86 87 88 89 90 91 92 94 95 96 97 98 99 100
94: 76 77 78 79 80 81 82 83 84 85 86 87 88 89 90 91 92 93 95 96 97 98 99 100
95: 76 77 78 79 80 81 82 83 84 85 86 87 88 89 90 91 92 93 94 96 97 98 99 100
96: 76 77 78 79 80 81 82 83 84 85 86 87 88 89 90 91 92 93 94 95 97 98 99 100
97: 76 77 78 79 80 81 82 83 84 85 86 87 88 89 90 91 92 93 94 95 96 98 99 100
98: 76 77 78 79 80 81 82 83 84 85 86 87 88 89 90 91 92 93 94 95 96 97 99 100
99: 76 77 78 79 80 81 82 83 84 85 86 87 88 89 90 91 92 93 94 95 96 97 98 100
100: 76 77 78 79 80 81 82 83 84 85 86 87 88 89 90 91 92 93 94 95 96 97 98 99
PAIRS
1 2
3 4
5 6
7 8
9 10
11 12
13 14
15 16
17 18
19 20

