EDGES
1: 82 20 76 90 93
2: 32 49 91 13 66
3: 90 6 83 59 29 73 56
4: 81 69 3 88 95
5: 27 51 2 31 8 71 24
6: 77 69 53 54 84 4
7: 72 35 37 50 24 77
8: 7 88 18 1 76 95
9: 55 38 97 12 13 87 31
10: 84 7 24 55 60 58
11: 14 88 65 2 45
12: 66 37 45 70
13: 4 15 67 66 42 43
14: 66 64 58 98 86 78
15: 69 22 47 31 83 52
16: 95 39 17
17: 21 44 22 52 40
18: 37 41 51 41
19: 95 88 89 19 9 56 28
20: 43 62 30 19
21: 70 28 92 16 80 91
22: 41 93 76 96
23: 45 59 28 96 34 60
24: 43 63 93 39
25: 15 78 45 2 38 12
26: 15 61 38 27 74 48
27: 80 2 19 36 81 25
28: 85 31 17 86 32 35
29: 12 52 18 96 78
30: 65 16 21 2 63
31: 98 89 74 62 99
32: 68 95 43 65
33: 91 96 87 50 35 19
34: 4 1 75 96 57
35: 48 10 78 22 14 89 95
36: 59 29 99 91 95 63 10
37: 79 77 17 93 26 55
38: 4 78 83 47 42 63
39: 90 29 60 43 30
40: 97 54 13 53 4 26
41: 60 24 100 40 30 67
42: 67 45 3 100 40
43: 89 61 79 74 44 70
44: 47 81 43 78 91
45: 11 15 32 94 3
46: 87 25 57 4 68 2
47: 59 41 17
48: 13 12 93 40 49
49: 51 96 50 7
50: 96 59 85 84
51: 47 6 84 79 16
52: 50 20 89 73 51 4 83
53: 80 32 100 35 61 8
54: 47 18 27 76 32 27 30
55: 82 95 48 28 58 69
56: 41 39 95 54 61 54 63
57: 38 82 33 75 1 90
58: 78 77 58 81 12 29 1
59: 53 71 11 61 3
60: 29 33 6 86 34 61
61: 40 39 73 53 7 52 93
62: 98 4 37 60 66 84
63: 66 57 81 63 17
64: 47 64 33 15 43 74 35
65: 100 16 49 7 11
66: 20 22 4 87
67: 30 17 80 40
68: 39 70 59 61
69: 72 74 58 5 91 69
70: 98 54 92 35 8 50 30
71: 17 71 76 92
72: 77 69 1 28 43
73: 58 75 90 43 39 33 95
74: 63 4 13 23 5 58 79
75: 83 18 20
76: 48 89 8 27 36 16
77: 7 85 34 60
78: 33 41 52 26 89
79: 31 70 83 79 61 22
80: 2 31 33 29 46 96
81: 21 49 15 65 39
82: 87 90 44 10 43 63 20
83: 27 81 26 96
84: 88 26 15 36
85: 93 34 95 49 96 35
86: 61 42 72 66 23
87: 71 62 31 12 46 21
88: 39 48 36 74 62
89: 62 75 82 9
90: 89 94 18 3
91: 43 86 51 81 100
92: 6 81 64 58
93: 82 96 27 3 60 25
94: 6 31 52 60
95: 67 60 92 94
96: 21 32 62 14
97: 15 93 86 59 55 49
98: 28 35 30 38 74
99: 35 54 11 4 31 23
100: 67 89 11 84 98 53 79
PAIRS
3 75
11 63
97 37
87 62
39 42
51 21
19 47
93 16
71 81
69 10
