EDGES
1: 41 68 71 90
2: 11 16 32 33 41 74 75 79 82
3: 2 6 18 24 28 51 53 58 93
4: 46 72 81 88 93
5: 5 10 11 29 70 81 96
6: 5 26 27 35 52 55 57 83 94
7: 10 25 50 64 71 81 97
8: 21 25 45 52 53 68
9: 43 79
10: 6 15 65 77 78 91 100
11: 22 36 40 85
12: 19 34 50 63 67 69 86
13: 6 10 73 86 99
14: 43 48 82 84 99
15: 26 29 46 64
16: 2 69 76 87
17: 15 28 87 88 90
18: 76
19: 34 51 63 75 77
20: 11 18 37 52 61 74 75 85
21: 2 6 21 33 39 42 47 48 49 61 71 88 89
22: 17 26 65 72 83 91
23: 20 28 44 56 60 64 67 89 95
24: 28 73
25: 19 55 65 72 76 81 90
26: 17 32 86
27: 7 10 19 53 67 94
28: 2 52 76
29: 8 10 33 58
30: 42 57 61 66 97
31: 35 47 55 96
32: 30 32 46 77 81 82
33: 14 19 43 68 70 92
34: 28 31 45 58 81 88 96
35: 7 14 17 36 55 62 63 64 70 73
36: 6 27 31 65 70 71 82 84 98
37: 35 51 74 80 95
38: 21 32 41 46 76 78
39: 6 7 13 32 36 38 94
40: 3 5 21 29 48 56 73
41: 5 13 18 41 52 75 78 87 94
42: 7 33 89
43: 11 52 65
44: 20 34 45 46 50 75 87 90
45: 23 44 52 66 69 90 93
46: 65 85 96 100
47: 4 47 79 81
48: 51 55 78 100
49: 26 51
50: 76 77 80
51: 4 8 48 53 62 86 100
52: 4 34 59 74
53: 5 8 29 38 52 58 62
54: 18 32 38 58 71 76 77
55: 32 37 82 87
56: 3 9 21 59 65 82
57: 3 11 24 67
58: 25 28 44 45 46
59: 48 61 78 80
60: 3 11 23 38 46
61: 10 19 40 61 68 80 86 96
62: 31 45 69 86 90 93
63: 44 53 56 69 92 93
64: 12 33 60
65: 4 30 32 44 75 85 91
66: 3 13 34 35 46 47 65 72 80
67: 6 40 49 87 88
68: 6 45 57 93
69: 8 36 68 90
70: 2 6 8 34 38 52 71 83 89
71: 30 38 61 72 90 94
72: 25 70 87 97
73: 3 19 30 33
74: 2 26 48 54 73 86 96
75: 9 72 83 97
76: 6 20 25 50 67 77
77: 8 9 49 58 77 90 96 96
78: 14 19 20 50 54 63
79: 4 27 50 61 66 69 75
80: 67
81: 42 43 68 78 79 81 98 100
82: 26 28 89
83: 2 40 56 68 91
84: 5 15 18 25 27 29 35 36 40 55 96 99
85: 9 17 23 31 45 73 77 78 81 86 90
86: 9 61 97
87: 22 32 35 82
88: 14 20 34 50 62 91
89: 7 11 22 45 63 71 99
90: 24 26 28 58 81 90 95 96
91: 58 60 64 64
92: 5 14 40
93: 24 38 47 50 65 88 93
94: 27 49 54 95 97
95: 10 27 34 69 98
96: 5 21 30 36 44 55 58 66 69 74 75 96
97: 26 71 77
98: 6 29 41 44 52 57 92 93 95 100
99: 24 25 28 64 84 93
100: 2 37 39 40 82 88 91 97
PAIRS
1 10
11 20
21 30
31 40
41 50
51 60
61 70
71 80
81 90
91 100
