EDGES
1: 2 4 5 7 10
2: 4 8 10
3: 2 7 8 9
4: 1 6 7 10
5: 2 6 10
6: 8 9 10
7: 2 5 6
8: 1 2 4 9 10
9: 2 3 4 5 8
10: 4 6 12
11: 15
12: 15 16 19
13: 14 16 17 19
14: 11 15 16 17 19
15: 19 20
16: 17 20
17: 11 12 13 15 16 18 20
18: 11 15 16 20
19: 10 20
20: 11 22 23
21: 24
22: 21 24 28 
23: 24 25 28
24: 21 29
25: 20 24 29
26: 24 27
27: 21 23 25 30
28: 24 25 26 29 30
29: 25
30: 26 27 28
31: 30 32
32: 20 30 35
33: 32 37 39
34: 35 36 38 40
35: 30 39
36: 35 39
37: 32 35 33 39
38: 31 32 33 34 35 36
39: 30 37
40: 31 38 39
41: 40 42
42: 40 49
43: 41 42 44 48
44: 42 46 47 48
45: 48 49
46: 40 44 45
47: 40 41 42 43 49
48: 41 42 44 46 49
49: 41 42 47
50: 47 48
51: 50 55
52: 51 53 55 59
53: 52 55 57
54: 52 56 57 59
55: 50 52 59
56: 51 52 55
57: 52 56 58 59
58: 51 54
59: 50 52
60: 50 51
61: 60 65
62: 65 68 69
63: 61 64 65 66 67 68 69
64: 61 60
65: 60 61 67
66: 61 62 64 67
67: 60 61 63 65 66
68: 64 65 69
69: 65 66 67
70: 61 64 66 69 74
71: 70
72: 75 76 80
73: 71 72 75
74: 70 79
75: 71 72 79
76: 71 75 77 79
77: 71 72 74 76
78: 70 71 72 73 75 77
79: 70 71 74 78
80: 71 81 89
81: 80
82: 84 85 86 87
83: 82 85 88 89
84: 81 85 88 89
85: 81 88
86: 83 85 86 87 89
87: 82 84 88
88: 80 81 86
89: 80 81 88
90: 82 85 86 88
91: 90 99
92: 91 94 96
93: 94 100
94: 91 92 95 100
95: 92 97 100
96: 91 93 98
97: 90 98 99
98: 90 96 97
99: 90 91 97
100: 92 94 97 99
PAIRS
1 3
11 13
21 23
31 33
41 43
51 53
61 63
71 73
81 83
91 93
