EDGES
1: 41 43 45 
2: 41 43 45 
3: 68 70 
4: 79 81 83 
5: 92 93 
6: 95 97 99 
7: 68 69 
8: 79 81 83 
9: 92 94 
10: 95 97 99 
21: 22 23 25 26 
22: 21 23 24 25 
23: 14 24 
24: 14 18 
25: 18 26 
26: 18 14 
27: 28 29 31 32 
28: 27 29 31 32 
29: 30 31 
30: 22 
31: 30 33 22 12 
32: 31 33 
33: 12 
34: 35 36 38 39 
35: 34 36 38 39 
36: 37 38 
37: 15 
38: 37 40 15 11 
39: 38 40 
40: 11 
41: 43 
42: 28 
43: 42 44 46 
44: 28 46 
45: 43 44 
46: 35 
47: 48 49 51 52 
48: 47 49 50 51 
49: 17 50 
50: 17 13 
51: 13 52 
52: 13 17 
53: 54 55 57 58 
54: 53 55 56 57 
55: 19 56 
56: 19 47 
57: 47 58 
58: 47 19 
59: 60 16 61 
60: 61 
61: 16 53 
62: 63 64 66 67 
63: 62 64 65 66 
64: 20 65 
65: 20 48 
66: 48 67 
67: 48 20 
68: 60 62 
69: 60 
70: 69 68 
71: 71 73 75 77 
72: 71 73 75 77 
73: 75 
74: 63 
75: 74 76 78 
76: 63 78 
77: 75 76 
78: 21 
79: 81 
80: 72 
81: 80 82 84 
82: 72 84 
83: 81 82 
84: 27 
85: 86 87 89 90 
86: 85 87 89 90 
87: 88 89 
88: 71 
89: 88 91 71 34 
90: 89 91 
91: 34 
92: 54 86 
93: 54 
94: 93 92 
95: 97 
96: 85 
97: 96 98 100 
98: 85 100 
99: 97 98 
100: 59 
PAIRS
1 11
2 12
3 13
4 14
5 15
6 16
7 17
8 18
9 19
10 20
