EDGES
1: 72 21 46 56 52 90 24 11 26 73 33 27 85 81 10 82 99 43 40
2: 67 64 37 53 80 89 9 58 87 4 33 27 85 81 10 99 31 43 40
3: 14 35 48 39 84 17 8 92 93 70 33 85 81 10 82 99 31 43 40
4: 91 69 15 63 94 75 54 7 19 90 33 27 85 81 10 99 31 43 40
5: 88 68 59 38 76 66 13 29 25 8 33 27 85 81 10 82 99 43 40
6: 62 70 100 49 30 23 55 45 12 33 27 85 81 10 82 99 31 43 40
7: 91 69 15 63 94 4 75 54 19 11 33 27 85 81 10 82 99 31 40
8: 14 3 35 48 39 84 17 92 93 45 33 27 85 81 10 82 99 43 40
9: 67 64 37 53 80 2 89 58 87 54 33 27 85 81 10 82 99 43 40
10: 33 27 85 81 82 99 31 43 40 57 33 27 85 81 82 99 31 43 40
11: 72 21 46 56 52 90 24 1 26 95 33 27 85 81 10 82 99 31 40
12: 62 70 100 49 30 23 55 45 6 33 27 85 81 10 82 99 31 43 40
13: 88 68 59 38 76 66 5 29 25 17 33 27 85 81 10 82 31 43 40
14: 3 35 48 39 84 17 8 92 93 62 27 85 81 10 82 99 31 43 40
15: 91 69 63 94 4 75 54 7 19 46 33 27 81 10 82 99 31 43 40
16: 65 28 44 50 20 74 73 95 22 18 27 85 81 10 82 99 31 43 40
17: 14 3 35 48 39 84 8 92 93 55 33 27 85 81 10 82 31 43 40
18: 42 41 32 61 77 71 86 98 97 88 27 85 81 10 82 99 31 43 40
19: 91 69 15 63 94 4 75 54 7 26 33 27 85 81 10 82 99 31 43
20: 16 65 28 44 50 74 73 95 22 77 33 27 85 81 10 99 31 43 40
21: 72 46 56 52 90 24 1 11 26 65 33 85 81 10 82 99 31 43 40
22: 16 65 28 44 50 20 74 73 95 97 33 27 85 81 10 82 99 31 43
23: 62 70 100 49 30 55 45 6 12 33 27 85 81 10 82 99 31 43 40
24: 72 21 46 56 52 90 1 11 26 74 33 27 85 81 10 82 31 43 40
25: 88 68 59 38 76 66 13 5 29 93 33 27 85 81 10 82 99 31 43
26: 72 21 46 56 52 90 24 1 11 22 33 27 85 81 10 82 99 31 43
27: 33 85 81 10 82 99 31 43 40 60 33 85 81 10 82 99 31 43 40
28: 16 65 44 50 20 74 73 95 22 41 33 27 81 10 82 99 31 43 40
29: 88 68 59 38 76 66 13 5 25 92 33 27 85 81 10 82 99 31 40
30: 62 70 100 49 23 55 45 6 12 33 27 85 81 10 82 99 31 43 40
31: 33 27 85 81 10 82 99 43 40 51 33 27 85 81 10 82 99 43 40
32: 18 42 41 61 77 71 86 98 97 38 33 27 85 10 82 99 31 43 40
33: 27 85 81 10 82 99 31 43 40 79 27 85 81 10 82 99 31 43 40
34: 79 60 96 57 83 78 51 47 36
35: 14 3 48 39 84 17 8 92 93 100 33 27 81 10 82 99 31 43 40
36: 79 60 96 34 57 83 78 51 4
37: 67 64 53 80 2 89 9 58 87 15 33 27 81 10 82 99 31 43 40
38: 88 68 59 76 66 13 5 29 25 48 33 27 85 10 82 99 31 43 40
39: 14 3 35 48 84 17 8 92 93 30 33 27 85 81 82 99 31 43 40
40: 33 27 85 81 10 82 99 31 43 36 33 27 85 81 10 82 99 31 43
41: 18 42 32 61 77 71 86 98 97 59 33 27 81 10 82 99 31 43 40
42: 18 41 32 61 77 71 86 98 97 68 33 85 81 10 82 99 31 43 40
43: 33 27 85 81 10 82 99 31 40 47 33 27 85 81 10 82 99 31 40
44: 16 65 28 50 20 74 73 95 22 32 33 27 85 10 82 99 31 43 40
45: 62 70 100 49 30 23 55 6 12 33 27 85 81 10 82 99 31 43 40
46: 72 21 56 52 90 24 1 11 26 28 33 27 81 10 82 99 31 43 40
47: 79 60 96 34 57 83 78 51 36
48: 14 3 35 39 84 17 8 92 93 49 33 27 85 10 82 99 31 43 40
49: 62 70 100 30 23 55 45 6 12 33 27 85 81 10 82 99 31 43 40
50: 16 65 28 44 20 74 73 95 22 61 33 27 85 81 82 99 31 43 40
51: 79 60 96 34 57 83 78 47 36
52: 72 21 46 56 90 24 1 11 26 50 33 27 85 81 82 99 31 43 40
53: 67 64 37 80 2 89 9 58 87 63 33 27 85 10 82 99 31 43 40
54: 91 69 15 63 94 4 75 7 19 1 33 27 85 81 10 82 99 43 40
55: 62 70 100 49 30 23 45 6 12 33 27 85 81 10 82 99 31 43 40
56: 72 21 46 52 90 24 1 11 26 44 33 27 85 10 82 99 31 43 40
57: 79 60 96 34 83 78 51 47 36
58: 67 64 37 53 80 2 89 9 87 7 33 27 85 81 10 82 99 31 40
59: 88 68 38 76 66 13 5 29 25 35 33 27 81 10 82 99 31 43 40
60: 79 96 34 57 83 78 51 47 36
61: 18 42 41 32 77 71 86 98 97 76 33 27 85 81 82 99 31 43 40
62: 70 100 49 30 23 55 45 6 12 33 27 85 81 10 82 99 31 43 40
63: 91 69 15 94 4 75 54 7 19 56 33 27 85 10 82 99 31 43 40
64: 67 37 53 80 2 89 9 58 87 69 33 85 81 10 82 99 31 43 40
65: 16 28 44 50 20 74 73 95 22 42 33 85 81 10 82 99 31 43 40
66: 88 68 59 38 76 13 5 29 25 84 33 27 85 81 10 99 31 43 40
67: 64 37 53 80 2 89 9 58 87 91 27 85 81 10 82 99 31 43 40
68: 88 59 38 76 66 13 5 29 25 3 33 85 81 10 82 99 31 43 40
69: 91 15 63 94 4 75 54 7 19 21 33 85 81 10 82 99 31 43 40
70: 62 100 49 30 23 55 45 6 12 33 27 85 81 10 82 99 31 43 40
71: 18 42 41 32 61 77 86 98 97 13 33 27 85 81 10 82 31 43 40
72: 21 46 56 52 90 24 1 11 26 16 27 85 81 10 82 99 31 43 40
73: 16 65 28 44 50 20 74 95 22 86 33 27 85 81 10 82 99 43 40
74: 16 65 28 44 50 20 73 95 22 71 33 27 85 81 10 82 31 43 40
75: 91 69 15 63 94 4 54 7 19 24 33 27 85 81 10 82 31 43 40
76: 88 68 59 38 66 13 5 29 25 39 33 27 85 81 82 99 31 43 40
77: 18 42 41 32 61 71 86 98 97 66 33 27 85 81 10 99 31 43 40
78: 79 60 96 34 57 83 51 47 36
79: 60 96 34 57 83 78 51 47 36
80: 67 64 37 53 2 89 9 58 87 94 33 27 85 81 82 99 31 43 40
81: 33 27 85 10 82 99 31 43 40 34 33 27 85 10 82 99 31 43 40
82: 33 27 85 81 10 99 31 43 40 83 33 27 85 81 10 99 31 43 40
83: 79 60 96 34 57 78 51 47 36
84: 14 3 35 48 39 17 8 92 93 23 33 27 85 81 10 99 31 43 40
85: 33 27 81 10 82 99 31 43 40 96 33 27 81 10 82 99 31 43 40
86: 18 42 41 32 61 77 71 98 97 5 33 27 85 81 10 82 99 43 40
87: 67 64 37 53 80 2 89 9 58 19 33 27 85 81 10 82 99 31 43
88: 68 59 38 76 66 13 5 29 25 14 27 85 81 10 82 99 31 43 40
89: 67 64 37 53 80 2 9 58 87 75 33 27 85 81 10 82 31 43 40
90: 72 21 46 56 52 24 1 11 26 20 33 27 85 81 10 99 31 43 40
91: 69 15 63 94 4 75 54 7 19 72 27 85 81 10 82 99 31 43 40
92: 14 3 35 48 39 84 17 8 93 6 33 27 85 81 10 82 99 31 40
93: 14 3 35 48 39 84 17 8 92 12 33 27 85 81 10 82 99 31 43
94: 91 69 15 63 4 75 54 7 19 52 33 27 85 81 82 99 31 43 40
95: 16 65 28 44 50 20 74 73 22 98 33 27 85 81 10 82 99 31 40
96: 79 60 34 57 83 78 51 47 36
97: 18 42 41 32 61 77 71 86 98 25 33 27 85 81 10 82 99 31 43
98: 18 42 41 32 61 77 71 86 97 29 33 27 85 81 10 82 99 31 40
99: 33 27 85 81 10 82 31 43 40 78 33 27 85 81 10 82 31 43 40
100: 62 70 49 30 23 55 45 6 12 33 27 85 81 10 82 99 31 43 40
PAIRS
67 79
64 60
37 96
53 34
80 57
2 83
89 78
9 51
58 47
87 36
