EDGES
1: 2 56
2: 3 54
3: 1 41 77
4: 5
5: 6 20 41 51 96
6: 5 12
7: 1 24
8: 41 68
10: 16 51 73
11: 17 22 43 44
12: 4 27 80
14: 79
15: 16 30 33 42 74 95
16: 9 30 44 75
17: 11 24
18: 49 55
19: 2 37
20: 6 12 63 68
21: 27 30 89 
22: 2 73
24: 26 46
25: 46
26: 45 32
27: 47 67
28: 86
29: 35
30: 8 20 31 66 75 77
31: 34 57 68
32: 31 58
33: 8 73
34: 32 35 50 71
35: 97
36: 80
37: 64
39: 52 29
41: 25 27 33 77
42: 88
43: 53
44: 16 73
45: 24 63
46: 47
47: 40 67
48: 55 59
49: 56 77 94
50: 72
51: 27 52 60
52: 9 66
53: 48
54: 2 30 56 73 83
56: 70 80
57: 74
58: 64
59: 98 99
60: 62
61: 39 44
62: 50 73
63: 2 57
64: 15 69
65: 81
66: 4 31
67: 66
69: 68 75
70: 1 89
71: 44 46 72
72: 46 85
73: 31 32
74: 10 31
75: 2 30
76: 99
77: 16 46 49 71 80
79: 77 87
81: 50 85
82: 10 95
83: 75 88
84: 75 76 99
85: 81 91
86: 67 72
87: 36 94
88: 75 92
89: 44 68
90: 39 80
91: 9 77 93
92: 20 22 41 83
93: 68
94: 12 99
95: 44 31
96: 83
97: 82 26
98: 65 78
99: 9 61 93
PAIRS
5 27
3 46
11 73
10 9
21 31
49 80
54 68
92 2
15 75
34 44